SOFTWARE[366023].dat.[AD].html
‘Install Date 2/22/2001 20:46:35 +0000
Product Name Microsoft Windows 2000
| Registered Organization gmax
Registered Owner gmax
-CSDVersion Service Pack 1
Digital Product ID A4 00 00 00 03 00 00 00 35 31 38 37 33 2D 4F 45 4D 2D 30 30 34 35
30 32 33 2D 30 39 31 33 36 00 13 00 00 00 41 32 32 2D 30 30 30 30 31
00 00 00 00 00 00 00 EO 4A AB BS 09 36 00 29 98 BA 60 ED 4E F5 00
00 00 00 00 00 15 26 95 3A 0A B7 05 00 02 00 00 00 00 00 00 00 00 00
00 00 00 00 00 00 00 00 00 00 00 00 00 00 37 37 34 32 33 00 00 00 00
00 00 00 8A 01 00 00 OE 02 Di 07 00 01 00 00 21 18 00 00 00 00 00 00
00 00 00 00 00 00 00 00 00 00 00 00 00 00 00 00 00 00 00 00 00 00 00
00 AC 85 CC 15
DOJ-OGR-00015674
