Case 1:20-cr-00330-PAE Document593 Filed 02/04/22 Page 3 of 30 |
20cr330, U.S. v. Maxwell
' Jurors to Proceed to Voir Dire
41. 120 |
42. 123 |
43. 124 |
44. 125
45. 126
46. 129 |
47.131 |
48. 132 |
49. 147 |
50. 149 |
51.151 |
52. 152 !
53. 153 |
54. 162 |
55. 164 |
56. 166 :
57. 167 |
58. 169 ,
59. 170 . )
60. 172 |
61. 174 |
62. 176 |
63. 181 |
64. 182 . |
65. 186 ! |
66. 188 :
67. 189 | |
| 68. 195 |
69. 196 :
70. 198 :
71. 199 |
72. 200 :
73. 204 |
74. 206
75.207 |
76. 216 |
77. 220 |
78. 228 |
79. 235 | |
80. 239
|

DOJ-OGR-O00008865
