Case 1:20-cr-00330-AJN Document 97-15 Filed 12/14/20 Page 10 of 10
ASSET CLASS : : :
$
CASH
A | 1,268,330 990,463 3,629,962 2,882,983 2,423,768 501,673 435,299
iinet | Sl fC as fc Pl Ce
B | 55,668 46,276 50,778 48,113 49,573 50,000 50,000
i pC pC
c Y 1,164,654 968,155 3,000
——Eae| PC Po
D | | 8,885,685 10,497,852 2,698,969 1,643,622 1,563,754
PY 165,248 120,000 [a3 116,482 80,000 [yg 23,054
Le eC |
E Po 17,000,000 13,000,000 11,300,000 5,444,570 4,143,460
Pe Ss Pc ce PE
F || 110,000 110,000 110,000 110,000 0
PE ce Pc Pe Pe
SI ; | 100,000 100,000 150,000 200,000 0
Pe Pe
_———————7]
! | 451,000
Major cash movements for purchase on investments -1,700,000 -1,700,000 -5,000,000 -2,000,000 -1,070,750 0
M PY 1,917,570 1,917,570 110,000 110,000 110,000 fv) 0
N fh) i) 1,924,983 1,924,983 1,924,983 1,924,983 1,924,983
P 200,000 200,000 200,000 200,000 200,000 200,000 200,000
(| [Eee | CC PC
N2 Po 100 100 100 100 100
o -2,500,000 -2,500,000 -2,500,000 -2,500,000 -2,500,000
-975,000
REAL ESTATE
Properties held
6,800,646 6,800,646 0
w 377,000 2,067,000 2,067,000 2,067,000 2,067,000 2,067,000 2,067,000
x 2,000,000 2,000,000 2,000,000 2,000,000
y CY 1,070,750 1,000,000 1,000,000
Zz 2,450,000 5,000,000 5,000,000 5,000,000 5,000,000
22 2,550,000
Motor Cars 100,000 80,000 60,000 200,000 140,000 80,000
Jewellery 900,000 800,000 750,000 700,000 650,000 650,000 650,000
Other chattels 200,000 200,000 200,000 200,000 200,000 200,000 200,000
Es
Po
NET WORTH 20,234,801 23,007,962 26,541,274 25,626,801 25,622,232 23,645,239 22,487,842
Total Income as per tax return 743,496
Total tax as per tax return 30,286 Poge 9