Case 1:09-cr-00581-WHP Document 603-7 Filed 03/15/13 Page 3 of 3
Jenkens and Gilchrist Clients
Restitution Calculation
(®)
a
wn
o
pO 8
Merchant, William 1999 3,960,459 4,615,392 1,713,236,  0| 1,743,236 | 3,328,628 s
1999 8,851,963 4,770,393 1,853,421 24,205| 1,877,626 | 3,648,019 |_| hs
Pape, Mark 1999 3,711,793 4,472,661 4,541,726 20,134; 1,561,860 3,034,521 |_| S
Peterson, Ronald A. 1999 2,971,727 512,416 536,447 7,006 543,453 | 1,055,869 |_| ow
Pollitt, Hunter 1999 5,445,573 2,046,426 2,142,399 27,979| 2,170,378 | 4,216,804 |_| 9
Poncher, Lyle 1999 4,584,257 529,086 560,595 561,133 | 1,090,219 Be
Postorivo, Jr., Eugenio 1999 3,958,160 4,604,318 4,679,557 21,935 | 1,701,492, 3,305,810 |_| a
: <
1999 40,517,045 4,284,575 4,485,512 58,580| 4,544,092 | 8,828,667 |_|
Ragsdale, C&E Short Sale 1999 7,024,447 2,782,380 2,951,380 (471)| 2,950,909 | 5,733,289
Ragsdale, HV Short Sale 1999 517,475 188,809 200,277 (32) 200,245 389,054
Ragsdale, T&L Short Sale 1999 7,307,819 2,798,322 2,968,290 (473)| 2,967,817 | 5,766,139
Ragsdale, TS IV Short Sale 1999 517,475 188,797 200,264 (32) 200,232 389,029 >>
Schmidt, Ralph F. Short Sale 1998 786,621 320,848 390,989 4,755 395,744 716,592 | ne?
Schuett Sr., William G. 1999 8,162,118 4,677,490 1,756,161 22,935 | 1,779,096 | 3,456,586 |_| 43
Schuett, Jr., William G. 1999 8,162,118 1,636,216 4,712,951 22,371 1,736,322 | 3,371,538 |_| WS
Small, Richard & Arlene 1999 16,831,914 3,366,382 3,524,258 46,026 | 3,570,284 6,936,666 |_| a
Spector, Donald 1999 2,012,684 797,375 834,770 10,902 845,672 | 1,643,047 |_| =
Stuart, Thomas 2000 4,628,056 1,878,052 1,637,363 23,481 1,660,844 | 3,538,896 |_| =
Tate, Joseph P. 1999 39,573,266 | 11,048,595 11,566,751 151,058 | 11,717,809 | 22,766,404 |_| &
Vanek, Greg 1999 992,081 389,312 407,570 5,323 412,893 802,205 |_| 4
Walsh, Carol 1999 7,675,366 3,054,180 3,197,415 41,757 | 3,239,172 | 6,293,352 |_| 8
Wiggins, Glenn 1999 9,209,607 4,841,921 4,928,303 25,183| 1,953,486 | 3,795,407 |_| AY
Yang, Julie 1999 180,876 72,467 75,866 990 | 76,856 149,323 |_| a
CC g
: ©
Total Clients - J&G ee ee 348,930,116] 110,520,308) 119,951,466 1,188,760] 121,140,226] 231,660,534 | ®
pO S
= (=)
5 ** Interest on RAR was calculated through 3/16/2012 es =
ni ** Interest on RAR was calculated through 3/22/2012 es ee =
3 >> Interest on RAR was calculated through 3/23/2012 es es 5
7
7}
>)
em)
on) Page 2
ce)
on
NO
W